image_width: 1920
image_height: 1080
camera_name: front_camera
camera_matrix:
  rows: 3
  cols: 3
  data: [1310.77826,    0.     , 1018.71143,
        1. , 1320.25059,  637.37672,
        1.,    0.     ,    1.     ]
distortion_model: plumb_bob
distortion_coefficients:
  rows: 1
  cols: 5
  data: [-0.415971, 0.158898, -0.015395, -0.008031, 0.000000]
rectification_matrix:
  rows: 3
  cols: 3
  data: [1., 0., 0.,
         0., 1., 0.,
         0., 0., 1.]
projection_matrix:
  rows: 3
  cols: 4
  data: [992.26007,    0.     ,  996.08995,    0.     ,
         1., 1221.72864,  639.55771,    0.     ,
         1.,    0.     ,    1.     ,    0.     ]
